4 11 415 1105 11108 6244 8615 9177 11234 8672 11240 5733 11188 
3 7 11188 11144 1863 11021 8295 1294 10840 
1 7 11188 11141 11110 11056 8113 10949 7673 
1 4 11021 7338 11112 11170 
2 2 11188 5694 
1 6 7673 2840 7717 4652 10823 10840 
1 5 7673 10941 1545 6621 1105 
3 5 11599 7779 8200 11797 11861 
3 8 7779 3584 972 11630 18 11650 4438 8249 
2 4 8249 11663 404 6315 
2 11 11861 7153 3818 5092 11848 7649 6888 11806 2381 7970 6315 
1 3 11599 3600 7126 
1 4 11797 8837 11811 11767 
1 3 972 11704 18 
1 11 7970 11905 5527 12021 3532 11989 11985 4695 12027 11977 5092 
